1460
7531
1496
772
4998
2358
1516
4826
6048
2925
8495
7983
452
8232
4594
6280
5461
1652
1004
2801
1630
3732
1672
2789
561
7640
7952
3361
6359
3775
2207
6879
1046
6373
4718
8185
7050
646
6166
2980
1865
8341
2206
5228
2940
3480
3507
3238
1216
495
8326
5639
7904
4979
5884
7824
1089
797
5108
2365
6890
7830
5058
1248
5631
8265
6267
6789
5865
7104
2901
3225
3770
3306
3164
7457
8139
7564
7433
8023
7644
7276
2509
4287
7589
6009
2553
6959
1281
270
6826
8285
6444
4228
2535
5230
7242
2751
4743
4319
7167
7945
6061
259
6992
4674
238
7624
3677
1372
5211
4080
365
5906
564
3822
6524
3330
5076
8236
1755
5676
7056
4366
122
2929
346
3771
5092
5553
7599
1802
8351
7139
3414
40
6682
4745
3849
1807
4754
6251
360
2941
1952
2332
4832
4478
4830
1879
208
3332
3371
3570
1653
6290
5226
256
2423
1696
2035
1595
7971
4960
1441
8268
1283
5857
5157
507
2
5952
3505
7306
3026
8548
2264
3043
3174
4029
5218
8228
512
7282
5935
5868
6107
4100
6263
565
6294
7974
419
2603
5431
3628
1403
5664
4654
1723
1149
539
8194
5376
8087
37
1119
3777
1261
6870
80
4990
8249
7314
2409
7507
7390
7494
2266
6098
6761
2192
7400
5706
858
8123
6211
8335
3447
4559
714
7147
1073
1730
7963
3750
1996
8137
8272
7015
4126
4428
8170
7053
730
5206
3419
659
5404
6758
6594
6406
6553
454
3850
3440
4320
7
3588
4324
954
8342
340
8353
1203
6926
2215
3328
4422
5805
6590
4295
3206
569
4124
2589
6067
8251
7772
7074
5843
4668
2624
1141
3854
7335
8244
618
741
4334
4436
5046
4450
277
1991
4806
5637
6431
3349
3116
7651
4462
121
8416
2930
6617
497
8515
5191
3851
2484
5734
8277
1060
348
3868
1752
8397
3644
7699
3143
7852
7843
8239
2298
5083
180
617
2094
533
5820
7387
305
7905
8253
915
2187
5150
5547
7149
7527
5322
7982
870
5877
6827
2799
6322
4382
3698
8145
2979
6329
2933
1956
2893
8466
1691
7760
7778
3148
4263
1712
458
8052
4110
6187
2550
6023
6116
7109
5324
3835
7626
7574
4045
7538
7829
1256
4178
1577
4290
408
1968
883
6198
1709
8085
5735
1002
5874
2251
8131
1172
8386
3814
5013
5787
2883
5630
5658
3088
4825
5620
4706
782
4420
6283
6177
3048
3926
5418
7796
204
7458
1979
1146
1370
1925
7297
1860
3188
343
8300
1184
8180
7906
6976
5146
4752
5475
3584
72
5084
629
7063
2610
4286
4217
723
7412
6388
4867
4975
2213
7478
6148
3486
913
7509
3112
4902
778
8383
6966
2239
2427
1738
3491
5319
3996
280
6259
6445
5293
2532
171
498
3497
3830
6316
429
5017
3853
6626
4961
7615
6740
5549
6706
2229
6679
2116
3990
2972
128
2607
2386
4965
5030
532
2443
6799
3509
6973
1192
6849
6814
4131
5029
4256
5513
3864
3629
4631
4172
6341
6015
1252
6589
3934
6690
2010
5334
3946
2740
8439
1057
4022
941
7954
8159
6293
2377
2053
5979
29
6931
2082
2329
7048
3438
4267
7114
2318
5401
341
7896
4571
8549
821
2878
4514
7180
7434
1231
2465
2851
2742
3813
5359
1468
6743
5232
3717
3041
4501
6385
3211
5338
5351
3091
8275
7202
2944
5603
1501
7766
3510
5010
4766
5984
7984
244
3178
7413
5243
3354
2185
5729
1772
2323
3514
6250
5530
5450
3818
4981
7716
8096
5726
1097
7169
6825
7748
8429
6646
3614
7740
3470
1560
4738
1266
2881
3947
5593
4927
6115
2639
8260
2824
6247
4300
6622
2380
4240
852
3
6584
7798
2946
8503
991
6943
7111
7435
1476
7677
2896
881
1982
4943
1401
6494
4056
5043
4225
168
7382
6713
5586
6731
2568
1804
4996
8114
3071
2263
4024
5301
542
658
5954
1576
6199
1464
8110
6468
5771
6755
2467
7341
3309
6030
4610
3729
3259
5507
3050
4919
8491
1361
3446
4120
7683
4274
8469
2734
3019
1279
2787
5757
8021
7522
5414
1717
7891
7816
7752
6542
1640
8121
6846
7025
2486
2182
1911
2398
8003
50
1781
5718
3916
7917
6479
6073
4669
2912
4551
354
2588
385
6336
391
5277
1799
6346
7356
891
5456
3671
7966
7535
7543
6292
3366
6201
7293
1356
7298
3495
1899
4297
3142
4038
6811
4197
1519
8508
274
3810
6653
8257
2916
5501
6057
2938
5863
2819
8196
947
3585
1204
4308
3608
4548
7729
1108
73
3441
3123
1065
1789
5689
6068
1431
2297
6207
7003
7134
7666
8235
1070
917
7251
589
7254
4512
2125
6971
3223
1237
4711
6556
6452
7862
3075
7860
1758
2713
2422
3541
7618
6661
2569
86
393
4268
5785
5032
5562
7773
1722
4848
167
482
996
4612
8205
660
2080
5565
8186
7363
1263
2647
4827
1298
1873
3655
7370
253
4575
8364
7060
5422
1862
3895
1364
4748
3326
574
8377
1828
3107
7747
2571
8282
3565
4498
8296
4369
2826
265
6541
562
1313
1770
7326
1049
5289
5343
3712
3967
3767
1398
2392
4191
8038
7385
2750
2774
1445
703
1366
2511
7673
1189
2165
7455
588
5128
1294
1559
4367
7662
3269
2179
5804
1993
1765
8212
6154
5321
5554
519
1244
5881
8421
2012
4924
1135
3653
218
2887
373
3693
6391
8443
1113
4719
4253
3707
4406
7000
2775
5738
2744
7334
2871
5472
7815
3186
4643
5602
1020
736
1506
3776
4385
6545
7511
2087
7268
6449
5294
7714
3782
934
1009
7087
4221
5412
892
4741
6828
6709
404
297
4897
3651
2339
4970
6489
4051
7836
4410
6941
1104
2067
8164
7359
919
8031
7894
2106
3797
1777
1132
5910
6285
336
732
5239
4113
6265
141
1846
1983
6624
2992
857
1484
6759
5551
1674
7203
6664
6491
788
1041
1771
4621
1511
488
461
4936
7697
8261
3634
471
6508
5216
6652
3499
8366
5736
5523
7711
7461
3615
5075
400
5405
2623
4098
1324
5438
7386
6608
3029
1997
5690
5832
7166
1251
6099
480
1657
2560
1665
2222
5207
5341
4020
7573
4682
3279
1486
7805
3564
1719
3668
41
6627
2345
8014
511
3518
437
5671
2258
5132
641
455
997
1305
7328
722
4720
6240
566
8245
3307
3204
4303
5668
7206
3120
748
8428
2001
802
5741
1597
5195
44
5214
7263
8103
6641
3257
8381
254
1050
2841
3433
3881
7737
4675
6012
5244
7845
6394
4163
2626
4629
5674
2983
3714
4062
3100
6300
8263
5879
389
6563
2832
3034
217
8336
3576
3456
976
961
7352
5823
333
5772
56
4009
4652
2426
2905
1227
8060
3166
6202
7918
7035
1342
6409
4331
5328
292
2564
5569
7583
396
6674
7542
1185
4363
1344
3723
7299
5902
8215
79
6665
1260
4657
3152
550
2784
740
6859
2527
8474
2472
2315
24
6550
6255
4620
1746
7378
3388
5828
1245
7161
7810
6576
1090
3532
3205
8207
8157
1384
4353
2214
3619
7585
592
3939
4865
7217
7893
862
4775
475
214
7136
271
3167
5181
83
2714
5442
6801
8009
2724
5223
1773
3933
816
6987
7103
8270
255
2273
3718
7058
5435
1876
375
2507
4414
6102
4183
3679
132
3880
6716
7213
4351
8175
5
7174
7142
1984
7500
975
3485
786
4655
6185
8365
2926
7645
5255
674
3643
4582
3374
6737
4635
2312
2241
4122
994
2501
1440
1190
203
3200
21
2285
6172
7881
6315
7763
3607
7572
502
210
4121
6208
4016
4779
8370
5114
1429
969
8045
7179
5283
6815
6299
979
6905
1025
8172
2506
557
1301
2753
2831
4658
5070
5573
5917
5869
3242
2759
2396
3784
1274
2595
2858
1527
7534
5008
2741
2159
7105
6749
5839
7770
841
2088
2943
6629
4967
637
2838
3459
4137
2805
7745
248
6864
4696
6190
4962
6383
6335
7183
1229
4837
1024
1558
7890
5257
4662
5812
3209
2382
3230
5577
7794
4383
229
165
6100
2780
1483
6660
5137
1941
6360
1662
3114
1363
3154
5915
6835
2062
4288
6044
1817
7415
3748
5650
8513
3462
5133
2317
7898
4452
5559
7801
2043
717
4202
6798
1514
3722
5357
2732
2389
554
7498
5762
2772
327
4983
8415
2999
5081
1136
5056
5533
676
5149
4539
6662
1271
81
2583
1537
6637
8294
899
1300
6600
3064
1800
2362
7246
5241
1012
1224
7855
3799
5172
3128
6703
5022
1254
7165
5659
6659
4318
8367
3356
1174
2366
2370
6153
2404
3253
5162
8343
12
6957
3801
364
6279
6419
3922
6753
3598
8132
4418
1600
6496
6818
2687
6176
5102
5644
973
3278
435
6268
2696
8181
6816
3578
105
908
8291
4823
4231
467
8357
6128
1588
5816
1749
285
2198
5436
2733
2669
570
2865
411
1581
3068
4986
795
3131
6701
1870
7292
6516
1740
2725
6559
7189
6776
2006
8231
134
3362
2280
5430
477
8526
910
4050
6649
2394
8234
4613
4277
5508
4847
7255
3007
3692
1016
7360
1547
1687
4192
4307
4810
7120
4060
7098
2458
3067
3876
1337
6901
853
7028
2284
2142
1650
6793
1159
3423
7002
7606
120
2598
1649
6019
1058
4805
751
1705
5759
2184
847
1744
1195
835
1011
777
7817
6620
1919
2023
744
3639
7212
8201
8128
3798
8528
4084
3303
1241
1154
6982
6401
8299
4792
1032
8149
487
3095
6490
1102
5864
5411
5614
8095
2330
8156
2828
3066
1031
8472
2590
7563
5651
2438
5626
6972
7725
1213
894
2875
2971
6109
7840
2220
1882
4969
4853
4008
5432
4893
3944
7882
912
4284
6461
6554
3402
721
5349
7229
1075
6916
7075
5727
3650
6132
7187
5786
2414
8200
849
8440
1951
2855
8308
1302
6719
3181
7072
7047
3348
5928
8016
7688
6569
1762
1487
2204
4843
7406
7554
4394
8313
993
1619
1214
6736
6245
836
4732
7504
2469
282
8075
8226
4323
7409
1330
2538
6570
3320
6788
5641
8168
8204
3716
3490
1902
4489
3665
5716
6475
135
6386
7339
15
4851
1646
7294
54
2703
1536
1842
7278
6480
4744
5098
7681
7307
7465
7595
4860
2139
5588
5437
8457
4298
5107
5113
2860
6841
3381
6962
8034
6756
8350
2225
1288
4800
7901
104
2294
6671
6079
6515
6034
1347
1357
6739
4185
6142
4809
6191
2707
1194
4357
5303
651
5028
3943
1508
8391
8111
7045
6866
7795
1946
2262
4180
7868
3554
3380
2004
2052
2496
7787
3927
4076
8218
2520
6540
6485
1898
2738
2044
5196
4724
6086
4684
1934
3286
5581
1917
6368
6001
2579
5482
6129
6429
4216
3291
6440
7112
6797
2197
5647
1371
8252
6577
3602
1390
7081
6241
1365
653
8138
5837
982
4987
2678
5041
1026
7423
4747
5977
3646
2765
7083
3496
771
5891
2450
7701
4773
4175
7814
2546
2683
2473
2287
6404
42
5592
7537
682
7020
2167
578
386
4661
5325
3725
4755
4091
877
2183
5975
7349
1591
609
6213
3981
4580
8283
6364
3620
2141
972
7769
7946
6147
787
4793
7079
7038
2403
6806
7762
679
344
3841
5682
8064
2378
7484
7456
322
2135
1212
1883
8307
6712
5463
30
3633
5525
1986
6091
2493
1187
7838
643
4842
2265
7325
8126
6350
2244
1731
2072
5746
5743
8337
610
6575
5907
321
1667
3237
3127
3175
221
7754
3201
909
2904
2419
383
8404
1331
8493
1033
4518
7129
5519
8304
5101
8004
5342
409
2175
6933
3451
6345
5478
6447
7245
7346
8349
7118
6282
5406
4141
5717
7077
5766
1432
2041
3956
6721
2360
4068
157
6053
665
491
2234
1479
2556
3377
1325
7674
5961
5443
6611
5672
2248
5892
635
5606
8432
5754
551
2814
7430
5061
6747
6499
639
6418
6605
7368
4756
7707
4568
2698
6823
5599
3247
5469
3198
6249
819
2356
2061
3842
7768
3501
8527
5799
5645
4311
7582
7062
8151
5329
3015
384
2581
2956
1018
6670
6301
8187
520
3351
8498
4708
8243
4586
7439
6136
8079
962
6873
1246
1791
8463
3146
8193
35
4574
5264
151
3826
5657
5924
7900
6535
428
6448
5504
209
5974
266
5136
4257
5428
3887
1354
6218
6390
872
7132
4950
7886
3728
6281
4275
7158
6885
3342
7244
998
1901
7545
6165
4736
8413
3805
2791
820
2685
4449
2820
7826
374
4177
1721
1797
1863
2716
5221
3072
6912
3563
5767
2300
136
1779
1645
5878
5348
4079
5819
6348
3546
7844
3358
3535
1562
5486
3203
6708
3292
868
695
3040
213
345
6865
1923
3312
4839
4697
757
690
5204
4238
3938
6533
882
8483
1107
3093
1168
2967
4955
1613
7889
5745
6421
6464
506
1123
103
7708
8266
6159
7873
5231
2256
5104
7825
3350
6027
2737
5922
938
8142
3018
5015
5538
3900
7124
7935
158
2973
6785
406
1780
5673
6525
1585
4404
8238
2091
4250
1095
6205
6095
2575
5524
6945
6040
1523
1207
7512
4760
7230
5583
7327
6309
3323
4931
2359
3942
4526
3542
5106
1481
1948
2103
5488
7665
145
224
4362
6886
1037
3713
2372
1447
4689
4821
1415
5069
762
6155
3039
1534
6032
4763
3872
1098
3703
2357
8509
6286
4862
2235
1223
5999
2434
4687
3340
3673
1137
4072
2210
2343
6170
8109
3343
6744
5997
7454
3957
7806
809
8269
3675
8368
2155
1874
7884
172
8473
4576
1253
675
5858
6655
6338
5200
3601
8407
2471
5382
8024
2877
6961
247
368
2216
7121
1066
3386
1348
930
513
1359
4693
7022
6543
7192
3196
1352
6700
1631
7290
999
4683
8017
6746
3936
2551
1880
1338
7635
3189
3289
5173
5185
2958
5498
3589
4704
7986
8030
8216
5642
2123
6369
7012
6565
8130
8355
7082
5286
5748
3960
6371
6507
2728
6135
4398
473
1130
2042
8292
4111
8162
3270
3816
5465
4459
2712
7205
5514
276
3626
5520
3513
5528
8184
7793
1520
264
7847
2632
2429
2186
1312
422
7804
6497
6783
3125
4364
1851
832
444
202
655
3080
1922
6534
7921
6742
2964
1940
7049
6138
3970
1557
5323
1430
1590
926
412
6940
6689
5063
1549
7601
3410
19
535
3831
2104
8158
6521
831
71
5558
431
3907
2776
6621
7493
6728
1131
3754
7157
2628
1310
4439
4656
3896
4938
6598
3709
6694
3345
4859
5923
2491
5369
8276
7549
2984
8529
4456
1410
3276
5867
1490
5386
402
4769
3972
7970
6593
4991
4570
4581
2844
7792
8241
4609
6252
8382
7694
693
8028
1680
4149
1173
3415
7273
1155
8340
7940
5370
5002
1655
3882
5552
3083
478
3937
3772
3469
3808
2500
2782
4815
2540
1499
77
5371
5131
3591
5439
6592
3867
1341
1715
8298
4379
5737
6013
4868
8297
5095
3573
7260
3992
544
3637
1307
8394
3472
2432
3983
1121
2436
4838
7517
567
6536
5585
3160
5492
6639
2561
3809
4243
2336
7607
8411
7032
5248
5400
3763
5284
7514
7501
3968
1375
4909
4444
7408
2586
5236
1478
416
7639
6580
3871
3165
2331
638
2919
2133
6234
3794
7232
5143
765
4626
7127
4973
7544
381
2921
6642
440
8306
2055
754
1540
5474
6762
4958
1343
130
7236
7133
3301
6264
7594
6830
8523
8317
3042
5103
325
8371
268
6906
763
7541
7076
4305
5610
4601
2038
459
756
846
8330
1528
8388
601
7914
3229
5085
5681
5838
403
1093
4900
2705
3162
2869
317
6920
1638
6318
6089
3032
4473
5012
6395
7521
194
1987
3155
6270
4396
4144
7065
4519
4019
2672
1556
6197
249
2452
1579
3248
3597
5005
4565
192
184
3244
4874
2146
4917
3479
7379
2328
6790
2735
5252
4227
2301
4691
4677
7343
6895
7443
1147
5164
928
2464
2333
6149
2818
990
1450
5561
7910
7336
5154
332
3262
1957
5543
366
6076
5731
501
6574
347
1583
7089
2823
4531
3861
6696
1198
5256
2655
5870
583
387
1833
1170
7392
361
4545
4517
3453
1729
423
1047
6915
5388
392
5834
3561
4949
5852
6402
4699
4280
4814
942
1349
1838
2299
2662
68
6597
1161
1048
3317
6991
7264
1124
8150
1905
1636
4196
2961
1673
3424
4083
7968
2537
311
5117
6221
1936
7300
4637
2596
2376
359
6956
339
1578
6366
7168
2998
3412
701
4798
6675
5755
7383
8449
536
7477
1116
6376
1079
5578
4590
7113
4073
1038
1243
573
7475
3037
5495
4134
963
3837
1567
8107
992
1416
329
7274
605
1268
3890
5042
88
6986
2654
6118
4176
1553
8256
1734
3875
6356
6724
363
1625
5886
7130
4934
7565
2304
3239
4195
6180
7388
768
3243
5764
7548
5356
2902
1618
6038
205
4584
1329
6393
8179
6204
7446
2729
65
5306
5308
90
4627
7488
3891
1768
2510
7106
7704
1885
1837
3392
4640
5454
4558
6145
3387
6248
1910
8399
4457
1852
2218
4963
2351
6995
2852
147
2309
2718
2976
5477
2594
3210
8247
7191
6808
3739
5269
2952
7021
7999
450
6930
2848
4952
718
5036
334
2439
6134
3721
7225
310
5768
2845
2453
3194
789
1418
6697
6072
8144
5393
7679
6188
6765
1210
2918
8155
2077
4555
3657
5893
905
2305
5068
3023
7579
6513
1784
1918
4516
4306
6837
61
3285
2701
5467
5981
1945
4421
2986
4761
2862
1602
4964
3264
11
7976
3403
1644
7892
8112
232
5368
6681
2338
7950
4125
2830
6476
3498
8486
4480
7687
7043
2190
470
7628
4834
2110
6907
2745
1530
4200
7119
2268
7506
1867
4564
3527
6875
7877
833
1616
4230
2337
7669
2993
791
5158
4438
6692
7823
1541
6133
2036
8229
752
3177
1461
7655
6093
1160
2699
760
1812
4164
4751
362
7872
668
1005
5890
7706
6884
5568
3319
7155
464
4995
7865
5784
1001
3215
4082
6323
5798
2702
1871
6486
8043
8105
4485
6158
1250
7175
7552
4455
8379
7646
2119
2778
5399
4266
7988
6355
6934
7723
8000
7152
2614
4852
328
3734
4090
7717
4021
3790
6722
6232
5080
7913
6084
2723
1563
4597
3656
2529
6591
1753
8455
4884
753
2771
2326
7095
599
737
4757
662
803
7957
1040
8148
3493
4508
1938
2947
3874
2105
5077
424
298
5623
1328
8011
1783
6705
7540
2966
2829
6465
5038
1939
7086
1886
6103
4174
6883
8233
965
5441
6832
6405
8124
2802
7907
8346
78
4982
1574
6614
175
8332
7692
6609
631
291
5709
3311
2572
2113
4811
6457
4984
199
5484
1054
4685
7782
790
4058
2138
6842
1670
5791
7223
7441
896
7116
1405
3180
3096
3405
6083
3731
7916
7289
6853
4417
3885
5570
4368
3762
2361
2988
4930
4232
7338
3058
4348
5763
7746
8010
7017
7586
7992
6031
63
516
5985
5309
6978
6925
5493
5481
200
7812
7188
600
5364
4578
6918
5715
4529
5138
5051
7863
8452
688
7201
5713
3545
6277
4304
160
8054
2711
6090
7788
3757
6266
4569
5057
8152
6555
3654
1411
3288
6667
7042
2480
4785
5826
6504
4337
2109
2531
6672
4855
4664
585
6037
1906
1488
3773
7418
3631
8410
6994
5807
1959
3398
654
3313
3329
7270
5031
2644
2917
3006
7820
7638
290
6140
323
453
766
2227
7102
7068
2024
7938
8224
7375
1813
3852
7533
8080
4014
1792
5836
5624
6824
8035
7428
4833
8083
7489
2073
6271
2676
3579
4671
2157
4678
2031
4474
3604
2629
3976
4794
5540
5546
6969
6126
2166
7619
6734
1457
1878
4412
7774
7827
3347
2604
5596
6455
3821
3847
5618
5818
6782
5634
7366
680
7650
3787
2475
2587
4513
8471
6320
3793
7431
1989
2373
5688
6028
5931
5426
3893
6702
7266
8358
3783
4759
4903
8380
8541
8165
6551
1117
4006
3918
7424
6732
4055
5970
1424
6305
1417
34
417
3385
1963
133
5693
2316
6854
1820
6666
7308
7210
2111
968
6857
7271
2498
3033
166
6560
7703
8182
2697
7991
1088
6367
812
4945
6408
1030
5556
1169
7078
5179
6085
8361
3173
2945
2997
2920
2311
3104
1399
2271
4802
7941
2201
4573
3494
5683
1409
395
95
4166
3422
262
8262
7972
844
8076
1006
6184
2353
4279
4733
398
2720
3638
2428
4309
4002
7437
352
5555
2408
2914
8545
407
1218
2494
4193
2327
4139
4488
149
4035
7199
8051
1167
5305
2158
338
3796
5871
571
8063
7371
7241
6937
3811
8420
7444
5584
8219
2194
7097
1605
1688
4087
231
5521
1961
3159
4187
1930
1606
1003
425
3894
4194
4628
8078
6880
2209
5420
7680
2018
2726
1114
3445
1677
6033
1406
5795
7780
3613
3523
8058
3454
2719
2237
1893
4053
5847
3575
5953
1524
7091
6917
5909
8454
355
4427
3084
4434
18
5340
5739
5536
5270
5159
3395
2246
697
7211
889
6773
8068
5234
859
7733
5258
8108
5976
7164
2797
5447
2007
7405
3082
5027
3488
1142
2870
6809
2153
4944
6771
4454
649
8089
7499
3862
5982
1858
1641
608
7151
4096
863
4918
4492
1695
7259
7442
4602
1972
6686
8002
1943
4013
4067
4047
6588
1311
7234
1798
1610
5126
672
7667
3101
6439
7377
6069
8516
3468
2927
1395
2090
3690
7154
2257
1396
1176
3953
6194
5487
2911
1144
3697
3267
5302
5261
6856
3370
4378
2995
3314
2226
7922
8176
1710
5993
4585
2715
4349
5665
7138
1545
6954
1278
4028
164
971
3848
5415
6005
7313
6258
2752
2049
1286
4179
4528
8518
6389
3169
7715
7719
5509
5354
3134
4835
45
6161
987
6144
6381
7857
2034
5455
421
197
5490
4109
839
5950
6212
6314
1076
970
1958
2695
5654
2275
1234
4600
817
2602
7920
1929
2525
625
7600
3625
4272
2233
7256
5145
1225
1884
5960
8214
4787
1392
1806
5936
3743
1669
2144
288
3921
3760
804
4153
5728
7568
219
1609
6612
6238
196
988
7364
1754
3477
8360
7267
1949
2232
5695
1353
7727
2000
818
5141
5803
7219
5423
7117
2968
4107
7598
303
2667
6029
1975
579
663
3952
7888
2618
4916
5078
6557
8069
4425
6215
7809
5174
933
3368
8501
5403
2319
2534
7228
5744
4939
3642
6492
4207
743
4659
5419
6443
1061
4504
7126
178
1346
7411
4534
4715
8363
7613
1485
2763
848
3836
1935
995
1831
6596
5459
3756
735
7684
5971
6018
7013
1624
4976
8504
2810
1435
1153
5199
3059
6953
7312
5064
5071
1480
7880
101
1451
8015
800
4181
2631
8237
5155
4562
5378
3647
1096
7712
2885
4505
92
1969
5776
4350
7357
6173
2849
7807
5335
4784
5072
176
7578
6780
4078
6585
6113
4388
74
4327
4299
7856
3710
4032
7874
5365
713
2562
6855
4726
4499
6803
5096
4550
3310
2057
443
7969
2874
5983
115
2397
4771
500
3141
7998
3158
7410
8401
1933
2708
2827
1614
6473
5825
6478
5299
7977
3417
2557
893
1306
5192
7962
1977
5460
6020
7253
553
324
2346
2563
4094
4765
3935
5387
7508
5876
3481
2145
7215
2083
642
5687
7556
1623
3733
3506
3231
8195
8295
2924
97
1314
952
4974
7324
5937
7902
5250
1704
8519
6105
4170
842
1039
2102
7866
2089
6775
6200
5966
2704
2447
4007
1425
3764
1270
8433
7611
7927
3951
6904
483
370
652
418
4896
484
5685
2173
3989
369
5310
2762
4254
6298
2461
3540
761
8140
8302
7775
5638
890
2405
5901
7641
3636
1890
8210
4502
8258
3961
664
2420
568
1181
7597
5262
7965
6477
4728
8240
6039
7332
1815
7315
6361
1803
1829
5011
5829
7031
7797
7994
1109
5919
7800
1658
1382
7216
6466
6766
7269
5853
1071
227
6607
4667
1666
6392
201
8356
8476
7204
4218
2985
5604
3391
6909
4912
888
6549
3556
410
8127
6636
8475
7750
3969
243
3678
5862
5968
5245
6632
7480
770
6432
5320
3308
945
7466
698
699
6993
4770
150
8012
2542
4588
575
5842
523
4495
6877
3910
6530
5018
4433
2245
3838
2488
5712
3857
5253
2903
943
6228
1081
7821
2487
6216
6106
3924
719
8006
212
2565
1115
3473
7088
1022
7850
5198
1569
5287
5598
413
1507
3126
3676
6269
4592
1564
1634
728
656
26
2730
3977
8143
1427
6438
3399
1608
3592
2126
7438
2932
4419
1029
1145
5175
1698
3135
5532
4890
3202
6663
1786
7930
2028
6181
5361
3832
3087
7659
1282
4399
463
7310
4789
3132
5880
1200
4294
5575
1062
5955
1056
287
5567
2555
6239
4941
469
6220
5701
7237
4535
5844
5457
1790
6227
5850
4003
7209
1385
2567
3966
3845
1236
8322
7316
2101
7702
4557
826
7321
7887
5219
3086
378
4589
1573
4023
7319
5259
3635
922
5802
2785
3458
2075
7008
7633
4264
3577
6891
1877
1686
1538
1796
123
5790
5545
3338
4753
3616
7190
4670
125
3932
2424
3014
6047
6845
1208
3843
3465
5451
2770
3051
7172
6586
8273
7099
2242
8446
5860
415
3103
148
7153
2884
3274
6104
2445
1290
2652
7828
1728
6505
1629
1010
5177
4887
1973
7576
6810
2387
7848
5856
6008
4524
3515
4795
4265
3353
4239
7676
3985
6022
5699
5783
6312
1550
3224
1326
5470
6075
2290
4387
503
4727
6914
6932
2425
4854
4764
376
7989
4328
8305
5148
4606
5827
4247
8396
2764
5951
2693
377
2547
7593
3869
2022
5544
3925
7853
6453
4820
2982
7603
2393
5806
8136
4511
8065
3902
2303
4165
4921
6869
8071
7944
6572
8025
1128
3252
4223
3153
6768
126
4413
6362
2086
3980
3684
5945
4252
3070
5700
1043
704
6539
576
2552
552
2931
3109
4940
4142
4157
294
6399
6291
6528
188
2837
4563
4857
263
834
1322
5105
2457
4326
6512
4783
6210
4530
774
1844
2891
4889
1601
6604
4315
4219
2272
6025
4435
2320
6066
367
8033
657
4926
6658
7831
2250
2688
3183
5833
6304
7842
7981
4619
3425
7393
8537
6422
6055
6317
5652
8505
2448
1199
119
733
515
7041
3187
6735
7689
3216
3430
8289
7781
152
3781
3061
3355
69
481
1505
2809
7005
5383
3240
4598
3574
3234
3121
4426
2037
1163
2991
5986
4184
7140
1826
8488
110
6342
8050
5918
4261
5887
7391
4624
4925
6483
2880
7208
2131
1443
2888
6189
7207
4160
6459
7380
6850
623
6110
7731
5050
6179
8539
7841
1522
5416
3251
4335
1205
1230
5912
8022
4402
1412
5534
508
1091
257
8482
5247
3529
4168
7958
3444
4393
295
2906
526
4660
5899
6426
1648
7023
769
1019
794
7361
2508
70
7451
2894
2978
6011
7755
3999
2093
861
2354
2825
3548
139
1580
7016
309
5390
3069
7284
4005
3487
8117
3024
683
1767
5352
1182
3439
2622
5994
5531
3098
186
5781
4408
6446
8465
3749
94
6881
13
1607
3010
1589
1126
1140
5358
7672
5656
7350
3508
4001
2381
5611
7039
3680
6387
6691
6054
2026
466
6146
1741
4411
1809
3662
4114
6935
2217
6654
3897
5920
7221
1459
2178
8468
8441
438
1960
4681
4507
306
7280
7516
8345
5527
851
2221
5965
5039
1841
4479
5453
6217
5353
5372
2293
2796
6403
6124
7224
7403
240
2621
3632
8314
2369
8479
48
3409
8135
3339
4496
2497
4844
7503
4117
4148
1134
1191
4881
3903
430
1497
4077
6017
3228
6339
2099
4041
1694
3594
307
252
3840
242
3674
5099
5424
