8393
5065
2665
1708
3964
5476
4947
1913
2882
3958
6676
4850
5541
1469
6952
5500
4579
949
3879
5817
4503
3600
7497
7849
3761
5140
6462
3778
829
2058
236
3271
7288
6321
5872
6745
7092
514
4445
3375
724
2371
7340
6974
5711
2898
1510
16
4375
2040
4229
687
489
8492
2482
530
1869
3753
5279
2816
3232
3151
6416
775
5062
4633
4325
2050
4828
2679
5249
8329
315
7846
8312
8372
1166
7612
2889
6888
6162
1907
8423
5194
5209
824
8208
1584
3683
1249
2195
7791
5285
2456
898
1908
4946
4541
5281
7675
1013
7960
1622
2910
3812
3076
4894
5086
5714
1239
2536
6424
4074
6064
6082
720
6274
7323
127
3550
673
1976
6839
6262
2839
2649
7420
2781
472
7819
3055
4623
4283
8217
3176
5417
8190
7621
4904
7265
2949
2673
2147
7557
5462
5883
2601
1503
4199
5939
937
6936
4870
8546
3609
3596
3393
6738
2792
6484
1084
1304
980
5914
6947
7949
1293
5640
686
2181
6950
4151
3549
1455
6060
5295
2032
3803
222
4739
6996
4259
3828
4169
8134
4646
7384
4552
7931
4377
6581
8088
2437
7030
2466
2779
155
6980
3484
7096
4431
6955
7094
3672
8378
5298
2045
4709
3483
7200
4614
4344
6094
8048
837
6328
4966
621
1489
5067
4210
5765
6122
2690
7291
6898
6382
6308
1821
5408
5020
8395
5649
4262
457
764
3290
3755
1351
648
2822
462
4052
3437
2066
2923
5156
7869
2668
702
4604
3038
3299
5708
3004
4046
4886
7726
3786
448
3593
5079
784
7146
1175
1903
1596
4190
2850
2013
5345
3660
5215
677
1992
7467
7486
2879
1017
8125
5557
6378
6599
5758
4054
6370
7250
2015
2193
6253
7926
5572
7367
5180
6451
2545
2411
8203
6851
691
8146
5233
2478
8426
6951
3789
6678
4567
1819
1675
4651
5350
2296
2897
169
5483
6729
8362
6074
6096
8
3218
4040
2171
7333
4596
3791
7422
7985
4336
82
3945
8188
807
5254
6733
7481
4158
1280
2842
5267
5946
4803
8543
5995
2170
1350
1426
1776
3280
5183
3917
2252
1193
531
5563
7197
5859
1110
4883
3397
7150
6436
7185
312
4813
1504
3758
1626
1220
7519
6527
8274
7365
5066
7786
2355
5911
1974
4143
3998
7122
7397
5193
5670
7903
6852
5730
3105
4882
7196
749
2570
4522
7407
5796
159
3500
7233
3920
5134
6214
3336
4215
6203
1444
55
607
8532
6302
460
5362
3254
1339
8040
1517
4856
3302
5938
2960
2722
6566
245
479
7637
3492
6380
3987
6349
6311
6894
7006
4556
900
3085
4831
1059
1376
6256
4898
7654
689
8077
595
4155
1462
742
5344
7037
6092
645
2140
8354
5723
2282
6561
7170
138
616
5197
1827
1333
4407
3298
6546
5187
9
6817
4799
2788
3400
405
1526
2112
3742
1368
6968
2108
4440
5998
4317
6704
4370
838
5591
3049
6396
8199
7272
4879
2634
5973
1482
6714
2613
2084
4000
4845
6769
904
4340
5024
6397
146
3191
7955
3117
4993
3429
6059
1078
4532
633
4577
7721
1663
2449
8019
3119
6050
6899
6668
6288
3906
2240
1924
5314
3940
5885
6613
3566
549
1955
6520
5111
4603
4033
1856
4737
745
162
1178
1232
4365
2279
414
7580
5617
2172
4233
7186
5093
64
3795
3664
2689
8338
1566
6669
3774
3263
6400
3012
8514
3360
1438
499
7584
7033
6595
2314
5053
6171
6195
1575
7485
8321
577
914
4824
8517
887
1423
1448
920
1265
2322
4538
7487
353
1446
1656
350
8348
2364
4840
4203
2798
7283
5427
6163
2524
2134
7286
6411
5537
4481
830
2156
5398
7247
4607
750
6635
4130
1661
3759
1381
1637
6781
7690
1701
7302
3463
3442
6169
6156
6351
5363
7776
1336
465
2521
547
4915
6297
2115
2795
5316
1407
932
8530
925
4208
4429
4372
6246
1358
7399
6056
5980
5612
1228
2757
1221
6784
36
3520
1008
2746
2454
1915
5089
7070
304
3013
4088
7735
4716
4880
1620
8427
7636
7937
4086
7331
6929
7066
6615
758
4871
1369
6384
394
1404
8422
6552
3908
7440
2948
7137
5496
57
4911
7569
4774
7510
3212
3971
2659
8376
401
279
7591
3568
486
4695
1603
5165
5026
5740
6296
7416
8533
1822
2085
6398
3658
1069
1818
8430
1990
6458
3702
6862
3099
7783
1849
1586
3108
6502
5535
3394
8525
3815
1063
2441
6970
7923
1000
6319
7630
4470
694
1830
6224
2612
5464
4642
6975
7567
707
4698
4360
2694
8230
8467
3982
3421
3221
3536
7883
7558
3558
4205
2854
4653
8099
3431
4222
3580
4115
2597
7553
785
4634
2442
2804
5409
7358
2833
1788
4391
4333
5184
5129
2446
6526
4942
5967
6157
5161
4234
5511
174
6433
7911
5094
4015
6425
4070
5119
5273
4389
4477
8458
3478
6583
4804
2627
4423
7885
4899
4285
4553
8008
2224
5550
3735
1021
3390
6353
3171
2996
2368
7700
4885
4483
8026
604
5274
2807
8507
2642
6958
4812
4237
3413
3213
4561
7011
4397
6650
2709
7571
6518
6796
7057
66
7867
950
2957
3595
628
4688
1518
2440
3260
2247
4549
5116
17
2114
14
5167
4061
1565
1843
5186
3502
6831
6910
5466
5697
1679
1521
4214
6573
4933
5855
4018
8001
1400
7460
7539
1571
5471
3708
5627
1303
3373
8220
2867
3113
8328
6375
1297
6168
5988
2223
5908
7739
4039
5100
2513
6131
8027
1892
5380
4012
2761
3719
7987
3997
2470
8496
2019
3246
3806
4281
4740
5307
5677
2721
1042
7833
6254
6117
548
8047
124
1118
5160
7252
195
6097
5374
6143
7001
4103
1111
7559
216
4260
3406
3819
2548
586
302
5151
5875
8534
2074
6922
2161
4282
3855
3054
7322
7342
5260
716
5526
3138
5397
7513
5021
5395
211
7071
3157
4226
6080
3052
7107
7034
2836
4167
7722
1158
6272
8189
2078
6579
3914
6812
3255
4442
1299
1889
2407
7526
1760
6840
6567
5903
2739
4089
5794
4332
4135
4063
4346
2054
7381
2460
3008
901
4694
3156
6463
8254
3930
7777
6164
3147
6081
2367
1861
3077
710
7249
5060
854
6412
1543
1317
4302
8506
6517
1014
4869
1139
3346
1197
8536
4525
7067
6938
4625
173
5851
5774
1389
6985
5621
3145
2939
8029
4533
3740
5696
4347
1420
6923
671
5619
4692
4133
6006
7036
6344
7100
5548
2291
3474
5074
7925
1373
3327
8540
53
2928
3877
3277
5373
161
1380
6327
5130
1639
2388
1678
3834
7389
5633
5182
5336
1651
3530
6275
3622
923
5751
3249
4665
3352
6160
7027
2815
3823
2302
3856
6990
7285
8056
4289
4542
3379
6352
181
4453
154
8171
5646
226
6120
1544
7909
3199
7953
5176
2977
1647
2292
6435
5304
3726
1702
3928
8464
1980
1953
3325
1654
796
4972
5660
966
581
6167
2512
5770
572
7348
2276
7414
1747
7652
2196
2191
7627
4666
1572
485
8400
6049
7590
6946
1051
2334
6965
356
331
6960
1757
5300
7178
5125
8098
3892
3553
7470
4017
2335
46
4778
4817
739
8044
3220
5082
8248
4618
7660
5542
5835
5425
5605
1633
6467
1206
8419
4486
8094
272
1242
4679
5479
1994
6834
1321
6454
8101
1285
2020
5963
2056
2680
2164
4622
7468
8461
810
5189
2132
5110
5379
1094
7235
850
5861
2352
2861
8402
4458
3955
8287
142
4105
2120
4400
1599
2954
2773
5680
7160
5473
3807
2433
2638
20
8456
2756
7474
7604
3219
8169
3503
6836
7948
7682
1763
1635
4293
2800
7879
3747
3182
3686
1866
4818
5560
433
3281
6578
2492
6777
2462
6325
6688
3912
6374
2121
2416
1981
476
1617
8431
8412
4251
5123
876
6897
7123
4448
6813
5205
7647
3036
1421
1122
2127
185
4329
6313
5073
7258
6303
4892
3581
4037
7643
1129
1215
129
5054
4339
7811
5721
1805
521
2029
4878
5045
6273
6532
7084
4807
3991
4220
5208
4872
7802
2261
6193
2608
6717
2876
399
5009
7344
2295
2990
6088
1202
611
230
6003
4276
4342
5497
4097
619
5808
6751
7463
2065
25
3172
1823
7975
5124
3027
2483
6306
3140
2541
545
6896
3102
7751
956
8459
3122
5346
1362
1259
4796
6989
978
7961
6673
5201
2692
2379
907
5317
5163
7753
6887
731
5913
3730
8489
8453
3846
3074
3919
7789
5044
5292
2821
1751
2255
1240
1778
669
1690
959
1515
2383
3689
3538
7979
5742
7818
612
6979
2617
7447
5429
3364
6503
8100
5440
5203
5394
3911
6633
4269
6601
4910
5703
636
2653
5047
7145
3986
8544
6121
2430
555
5889
2236
4997
1179
1888
685
6558
2675
112
3611
1735
8093
4476
1921
6625
1077
10
7710
8271
4672
7055
7404
2674
6928
2859
5152
6752
3324
3931
4204
4611
528
6007
2975
3667
7450
4510
2046
7019
5824
4301
5251
1388
3207
1296
1125
2005
2016
780
4971
7171
7194
6493
2517
3331
2064
5719
113
7064
3699
3701
2544
1848
8278
706
1668
4123
1186
4156
6900
2253
432
6070
5628
4034
1736
1308
7009
4977
6787
6648
6858
6602
4242
5662
6680
2600
8542
7281
755
7653
4112
6410
2002
1685
3833
250
808
6791
5594
4409
1222
7162
7933
6861
6651
6509
1162
6571
0
1436
474
4547
1985
2974
7698
6657
2277
6820
3627
2008
2148
927
3687
1402
1909
283
1582
5091
6838
2027
6474
1660
5897
5280
235
6330
6634
3586
4491
4345
5969
7374
2574
6628
705
924
2243
1428
3482
267
3448
1761
3888
3605
6997
1570
3432
2576
2566
1143
5921
2149
2152
89
1891
3901
2843
1226
8173
6045
1894
4957
1676
2136
5987
6948
1452
6182
357
6222
2515
3706
5940
3994
5446
1340
5629
840
546
7625
6718
193
6379
3295
2812
2095
144
4988
5661
6983
3315
241
1942
8020
4537
5830
3275
8049
3663
2122
3905
3382
7764
1320
4749
8221
7448
6878
4430
1872
96
8484
8311
4701
4464
5458
4484
32
2117
4846
911
7664
1681
3028
8437
7967
4258
4705
5926
300
1171
5636
4888
6643
2593
2350
801
5522
7661
7656
2646
504
6644
1718
8318
3666
451
8352
2160
7181
5831
5118
7561
4521
6564
4043
4836
1007
4136
4140
5948
4188
7779
7744
2205
4432
1374
1700
4371
7261
8390
5655
5166
2817
7632
3688
4908
8279
776
3995
7876
8163
5978
2643
5367
989
8436
5153
1465
534
1840
860
6482
5916
8375
2505
7218
1053
358
289
3800
7452
3567
7355
6998
5048
1458
3293
6051
3522
5003
319
2994
7141
3661
5512
7577
4446
1875
869
7156
5396
3344
8104
6981
3552
711
5779
7362
4338
2516
4057
7929
1916
397
1914
6046
3089
5515
3047
6326
8167
6014
5297
7605
8520
783
4994
5694
2526
2412
7785
6123
3617
8166
5539
3560
3090
39
620
3149
4354
3436
1112
8223
3363
5789
4245
5434
6441
525
921
7596
3954
1177
5576
6999
4702
7518
27
2444
4985
6630
4673
4361
3746
3124
3941
1413
3659
5934
1439
439
6582
1379
5225
2260
6236
3341
3333
5900
3859
3426
5996
6638
3073
8417
556
1970
5037
2249
7560
6437
7947
8086
8522
6347
7398
527
1473
2768
2476
518
6043
1811
936
2489
1345
308
7010
3420
2288
1896
8174
116
4735
3649
2907
5268
33
7705
7932
7257
7678
7871
8097
7069
5188
6219
8334
31
436
494
1509
8057
1106
5707
3294
8177
2347
2499
3539
4616
3416
1551
1151
985
3282
6587
5276
1082
2856
4822
1750
3401
93
855
4663
7227
3434
109
6726
4270
4540
3460
2063
3630
301
5052
6289
6872
3525
3443
2554
1262
3582
793
7421
4071
7834
6603
6939
6196
7670
2670
5782
3322
878
3025
349
681
5579
2868
6488
4460
1394
4244
8511
3860
4093
7248
5433
8319
6087
6944
3383
6430
382
118
5669
6487
7024
6871
3217
2150
6786
2474
1693
7759
2834
278
182
700
3720
1074
5845
3384
3962
6469
822
5750
7550
5147
7351
845
6695
2908
7131
273
111
7026
1787
1475
4
7177
3300
7159
6863
4523
3489
606
7602
3283
5331
1334
8288
6750
281
3030
4723
8062
2987
5224
6000
3408
3031
8007
5014
7115
7473
4467
7080
7402
5227
496
6357
2969
895
5235
951
4639
3590
6225
6919
1156
2620
1471
1217
1449
5566
3457
7502
4772
3984
7525
6562
1433
3044
4030
6623
5607
6964
2663
1782
2803
7523
4064
190
1720
3372
622
8255
4171
4632
6
2306
5811
1035
3744
5327
1502
879
5055
3193
1498
233
7490
5088
6004
3886
8547
5972
1027
5375
986
7610
2413
2790
918
1529
4714
1743
6498
7622
5312
8490
4159
1101
6417
1284
179
560
2415
1552
47
5769
6770
8213
7054
1023
4381
8183
8494
4877
7663
5622
3466
4527
3133
8502
7231
7990
117
1643
958
7354
5625
4937
4591
3569
2219
3555
260
1201
792
6984
7436
8036
3184
6450
1853
5122
2615
509
3063
6235
6544
3878
3258
1015
4895
4808
1103
8403
1664
1732
3062
6610
4310
3682
3272
2390
6358
2592
1287
2749
4296
2047
2743
3427
1692
3092
4321
587
7483
5421
4359
2490
6772
8485
7029
7671
3975
1912
6963
4929
1999
1269
3110
4536
8384
7505
6921
2325
634
3621
3241
4593
8222
5135
1857
7562
2203
1816
4106
5499
8081
7934
3736
2518
3261
6819
3450
5275
5747
3045
447
3305
2671
140
4767
880
977
2025
3884
4147
696
3766
3118
2375
7401
5090
6372
1724
874
2872
8512
1045
4722
2866
1318
897
5753
3094
2811
2081
5615
4248
7629
1726
3949
811
2097
6547
5905
1950
3858
3820
5777
2909
7369
537
7287
738
7073
490
4956
8374
4906
667
6407
8309
7756
7648
6685
7135
967
2286
52
4641
7394
4776
828
6893
2124
4509
3700
7376
177
5444
4490
4780
2401
1335
3449
2747
632
5097
8091
1437
4451
6472
4119
7803
7482
5663
91
4471
59
8324
5667
517
2400
1711
4386
1378
2051
8301
7993
7995
678
5449
1627
3475
189
2137
1323
709
4466
7851
8264
5506
582
7581
2682
4636
4554
5752
5888
1083
806
2549
1745
3745
2660
3768
1233
4932
3557
3389
5333
5266
2502
4081
6519
1971
3222
1454
6233
5589
99
2059
8477
4560
2959
4129
7529
3235
1684
4469
5330
814
5494
8046
2936
3245
7728
767
2616
4953
4415
4322
4341
4644
2528
296
7822
3411
7184
8535
7858
5217
4729
5678
2417
2523
7973
1642
2011
5616
5632
6276
7620
8211
7108
7459
1467
1839
1453
7761
75
2559
7243
692
5059
5278
7317
446
1845
98
87
813
8435
1931
5810
5564
5733
1824
3883
1087
640
1533
7052
2651
1044
4928
2211
1289
8082
1546
3065
3111
1795
929
8500
7943
7262
4980
6242
284
885
1835
7304
4116
6538
1500
4048
3163
3792
3233
591
1995
5930
2777
7296
2307
2963
5991
3551
269
4292
4010
6606
7528
4437
1272
3681
902
4395
6537
434
5691
2021
5413
5959
650
4686
5366
456
5722
8444
3963
6434
5574
5956
3547
7742
7277
342
7536
5237
5025
1611
5033
7555
1513
7530
5725
7469
4209
3559
7657
3471
3751
7978
1554
8460
4866
2955
5686
4374
1267
220
1442
1592
1998
8119
5582
8286
4742
6114
1832
2748
4801
4313
8445
3227
1587
6413
1615
1387
1725
7239
3715
3909
5240
7491
2310
4475
773
1068
420
4617
712
8092
7566
3435
7345
4465
940
6942
5220
2100
3606
4042
4099
6868
1561
5120
1238
4786
5170
3250
6874
661
6101
2313
1434
729
4493
7301
7915
2231
684
246
580
3827
1967
4241
1474
6377
261
1209
5489
2481
2577
4355
4680
4249
8198
1859
62
1604
4700
1683
2813
4829
4246
7226
7329
4901
4791
538
5882
2228
5377
1978
67
5516
615
5813
2340
7859
6693
7696
805
8129
5000
3136
1315
8521
6065
6988
3973
7685
3016
2650
2451
102
6071
3020
5503
6354
6063
8339
4443
207
5384
2853
3829
5990
7040
1164
1628
1808
23
7238
3765
2609
727
1531
4358
2017
8281
6867
2636
4343
7813
1727
2641
8389
2605
3618
8280
8344
320
886
5518
6287
1864
596
2666
3696
960
603
5684
4271
1926
7939
7471
3528
4790
5675
6908
7951
843
3511
7668
3965
6760
2533
3685
2348
8122
1291
798
2402
1219
6833
4132
43
8067
4494
4605
1512
7758
5962
2118
228
7686
7198
6310
8538
1598
6206
3669
5613
5896
223
6774
7373
3711
4352
624
5840
1739
4861
6792
5326
7347
5023
8225
7524
5957
5597
8153
2892
8059
2661
7090
6829
4291
3974
4645
100
1393
2129
1188
234
6365
1548
8303
3913
275
3915
5635
6683
1525
5491
4864
143
49
3011
8133
1383
5705
6243
1928
1742
8398
4127
2950
2953
2421
1632
6295
1494
4500
7547
8438
8316
4026
4913
884
3296
2009
541
6226
974
5941
1052
2374
5590
931
3144
1568
4710
953
2039
6860
215
2238
725
2937
6016
7832
5925
2899
906
4273
7214
6024
2208
2162
1964
594
5797
3817
2363
2128
522
449
2606
6647
4059
5643
1086
8066
3287
644
6343
8424
84
8320
4978
4447
4788
4923
759
7303
5529
2558
6041
3455
170
1072
7014
8448
2543
2071
8267
4373
1932
1962
2092
3002
4566
1316
7617
5947
4676
4487
8074
4583
4506
2495
4095
7693
1183
3357
8073
1105
2630
4403
3705
8325
5142
8462
3865
8409
7634
7864
5468
6699
4206
3369
3078
4920
6804
4758
1148
8293
1947
8037
313
2154
5609
4922
8147
5168
6192
7295
865
2180
7757
8072
5992
1733
7642
1814
3929
3870
5815
3081
2151
510
7996
1555
4101
5849
492
3624
187
2169
3017
4278
5792
7588
2886
5749
2758
8497
2342
7980
7432
935
6754
1377
984
107
1834
5927
1748
76
7784
7771
5929
8160
7395
3003
3526
1716
5942
4182
7575
6139
6111
6805
2130
5964
2410
7173
7570
1276
7275
3724
4615
4162
251
2188
1836
1539
7614
1966
3695
4424
2107
1775
6924
7085
22
6337
7419
7895
4312
7449
6151
4201
2274
983
8385
5242
6260
3192
5001
2658
2459
6618
8373
3923
726
6209
8141
1092
1707
4992
2580
6428
2479
2324
3704
1157
7125
2076
5445
2341
3022
4384
3587
4027
7649
8206
2030
8414
2686
2283
314
2270
3641
3769
2942
1682
1785
3825
1927
5115
4255
6757
299
1028
5271
7790
1470
3367
493
867
7195
1895
4416
1847
7691
3035
627
1766
1133
2014
3452
5760
2619
4472
3318
3524
6763
6002
3839
5756
6795
2766
4075
5653
4707
5943
3284
7007
6229
316
5710
2934
3396
3365
4224
5505
7713
3407
5932
6807
7318
198
584
5229
3691
6510
1492
1904
7193
6333
6800
6514
5265
4461
3053
6137
5355
8118
427
1127
2174
6843
3297
7709
5016
2755
4211
7464
2981
5169
6257
5035
237
8451
2385
2717
2584
28
8113
8323
